0.000500000000
0.000508332281
0.000516803416
0.000525415719
0.000534171542
0.000543073277
0.000552123356
0.000561324250
0.000570678473
0.000580188580
0.000589857168
0.000599686880
0.000609680399
0.000619840457
0.000630169827
0.000640671331
0.000651347838
0.000662202265
0.000673237576
0.000684456786
0.000695862958
0.000707459210
0.000719248708
0.000731234673
0.000743420379
0.000755809154
0.000768404383
0.000781209506
0.000794228021
0.000807463483
0.000820919509
0.000834599773
0.000848508013
0.000862648028
0.000877023680
0.000891638895
0.000906497667
0.000921604054
0.000936962183
0.000952576247
0.000968450514
0.000984589318
0.001000997068
0.001017678246
0.001034637409
0.001051879188
0.001069408295
0.001087229516
0.001105347720
0.001123767856
0.001142494956
0.001161534134
0.001180890592
0.001200569617
0.001220576584
0.001240916959
0.001261596297
0.001282620247
0.001303994553
0.001325725051
0.001347817679
0.001370278471
0.001393113562
0.001416329190
0.001439931696
0.001463927528
0.001488323239
0.001513125495
0.001538341069
0.001563976850
0.001590039840
0.001616537158
0.001643476042
0.001670863851
0.001698708066
0.001727016293
0.001755796263
0.001785055840
0.001814803014
0.001845045912
0.001875792795
0.001907052061
0.001938832249
0.001971142040
0.002003990260
0.002037385880
0.002071338025
0.002105855966
0.002140949135
0.002176627115
0.002212899653
0.002249776658
0.002287268201
0.002325384525
0.002364136040
0.002403533333
0.002443587164
0.002484308475
0.002525708389
0.002567798214
0.002610589447
0.002654093778
0.002698323089
0.002743289463
0.002789005181
0.002835482732
0.002882734811
0.002930774325
0.002979614397
0.003029268367
0.003079749799
0.003131072482
0.003183250434
0.003236297910
0.003290229398
0.003345059631
0.003400803586
0.003457476490
0.003515093823
0.003573671323
0.003633224992
0.003693771096
0.003755326175
0.003817907043
0.003881530793
0.003946214805
0.004011976748
0.004078834585
0.004146806578
0.004215911295
0.004286167612
0.004357594720
0.004430212129
0.004504039675
0.004579097526
0.004655406182
0.004732986489
0.004811859638
0.004892047173
0.004973570998
0.005056453383
0.005140716966
0.005226384764
0.005313480179
0.005402027001
0.005492049417
0.005583572018
0.005676619802
0.005771218187
0.005867393012
0.005965170549
0.006064577506
0.006165641037
0.006268388746
0.006372848702
0.006479049437
0.006587019960
0.006696789766
0.006808388837
0.006921847657
0.007037197219
0.007154469032
0.007273695127
0.007394908074
0.007518140981
0.007643427510
0.007770801885
0.007900298898
0.008031953922
0.008165802919
0.008301882452
0.008440229690
0.008580882424
0.008723879075
0.008869258702
0.009017061017
0.009167326393
0.009320095876
0.009475411195
0.009633314776
0.009793849752
0.009957059972
0.010122990019
0.010291685218
0.010463191649
0.010637556159
0.010814826377
0.010995050727
0.011178278435
0.011364559554
0.011553944966
0.011746486403
0.011942236459
0.012141248603
0.012343577198
0.012549277511
0.012758405729
0.012971018977
0.013187175333
0.013406933839
0.013630354524
0.013857498418
0.014088427565
0.014323205045
0.014561894990
0.014804562598
0.015051274155
0.015302097052
0.015557099804
0.015816352064
0.016079924650
0.016347889558
0.016620319983
0.016897290343
0.017178876292
0.017465154748
0.017756203910
0.018052103278
0.018352933679
0.018658777288
0.018969717646
0.019285839690
0.019607229769
0.019933975673
0.020266166655
0.020603893454
0.020947248322
0.021296325049
0.021651218986
0.022012027076
0.022378847875
0.022751781582
0.023130930066
0.023516396894
0.023908287357
0.024306708504
0.024711769164
0.025123579984
0.025542253450
0.025967903927
0.026400647682
0.026840602923
0.027287889826
0.027742630568
0.028204949367
0.028674972506
0.029152828374
0.029638647502
0.030132562593
0.030634708563
0.031145222575
0.031664244080
0.032191914852
0.032728379026
0.033273783141
0.033828276176
0.034392009595
0.034965137386
0.035547816099
0.036140204899
0.036742465599
0.037354762710
0.037977263484
0.038610137961
0.039253559015
0.039907702399
0.040572746796
0.041248873867
0.041936268299
0.042635117859
0.043345613442
0.044067949122
0.044802322210
0.045548933304
0.046307986346
0.047079688674
0.047864251084
0.048661887883
0.049472816950
0.050297259796
0.051135441620
0.051987591378
0.052853941839
0.053734729651
0.054630195407
0.055540583707
0.056466143230
0.057407126798
0.058363791445
0.059336398489
0.060325213605
0.061330506891
0.062352552951
0.063391630961
0.064448024751
0.065522022881
0.066613918720
0.067724010526
0.068852601525
0.070000000000